0.001 0.03 50.01 20.00
0.002 0.06 50.02 20.00
0.003 0.08 50.03 20.00
0.004 0.11 50.04 20.00
0.005 0.14 50.05 20.00
0.006 0.17 50.06 20.00
0.007 0.20 50.07 20.00
0.008 0.23 50.08 20.00
0.009 0.25 50.09 20.00
0.010 0.28 50.10 20.00
0.011 0.31 50.11 20.00
0.012 0.34 50.12 20.00
0.013 0.37 50.13 20.00
0.014 0.39 50.14 20.00
0.015 0.42 50.15 20.00
0.016 0.45 50.16 20.00
0.017 0.48 50.17 20.00
0.018 0.51 50.18 20.00
0.019 0.54 50.19 20.00
0.020 0.56 50.21 20.00
0.021 0.59 50.22 20.00
0.022 0.62 50.23 20.00
0.023 0.65 50.24 20.00
0.024 0.68 50.25 20.00
0.025 0.70 50.26 20.00
0.026 0.73 50.27 20.00
0.027 0.76 50.28 20.00
0.028 0.79 50.29 20.00
0.029 0.82 50.30 20.00
0.030 0.85 50.31 20.00
0.031 0.87 50.32 20.00
0.032 0.90 50.33 20.00
0.033 0.93 50.34 20.00
0.034 0.96 50.35 20.00
0.035 0.99 50.36 20.00
0.036 1.01 50.37 20.00
0.037 1.04 50.38 20.00
0.038 1.07 50.39 20.00
0.039 1.10 50.40 20.00
0.040 1.13 50.41 20.00
0.041 1.16 50.42 20.00
0.042 1.18 50.43 20.00
0.043 1.21 50.44 20.00
0.044 1.24 50.45 20.00
0.045 1.27 50.46 20.00
0.046 1.30 50.47 20.00
0.047 1.32 50.48 20.00
0.048 1.35 50.49 20.00
0.049 1.38 50.50 20.00
0.050 1.41 50.51 20.00
0.051 1.44 50.52 20.00
0.052 1.47 50.53 20.00
0.053 1.49 50.54 20.00
0.054 1.52 50.55 20.00
0.055 1.55 50.56 20.00
0.056 1.58 50.57 20.00
0.057 1.61 50.58 20.00
0.058 1.64 50.60 20.00
0.059 1.66 50.61 20.00
0.060 1.69 50.62 20.00
0.061 1.72 50.63 20.00
0.062 1.75 50.64 20.00
0.063 1.78 50.65 20.00
0.064 1.80 50.66 20.00
0.065 1.83 50.67 20.00
0.066 1.86 50.68 20.00
0.067 1.89 50.69 20.00
0.068 1.92 50.70 20.00
0.069 1.95 50.71 20.00
0.070 1.97 50.72 20.00
0.071 2.00 50.73 20.00
0.072 2.03 50.74 20.00
0.073 2.06 50.75 20.00
0.074 2.09 50.76 20.00
0.075 2.11 50.77 20.00
0.076 2.14 50.78 20.00
0.077 2.17 50.79 20.00
0.078 2.20 50.80 20.00
0.079 2.23 50.81 20.00
0.080 2.26 50.82 20.00
0.081 2.28 50.83 20.00
0.082 2.31 50.84 20.00
0.083 2.34 50.85 20.00
0.084 2.37 50.86 20.00
0.085 2.40 50.87 20.00
0.086 2.42 50.88 20.00
0.087 2.45 50.89 20.00
0.088 2.48 50.90 20.00
0.089 2.51 50.91 20.00
0.090 2.54 50.92 20.00
0.091 2.57 50.93 20.00
0.092 2.59 50.94 20.00
0.093 2.62 50.95 20.00
0.094 2.65 50.96 20.00
0.095 2.68 50.97 20.00
0.096 2.71 50.99 20.00
0.097 2.73 51.00 20.00
0.098 2.76 51.01 20.00
0.099 2.79 51.02 20.00
0.100 2.82 51.03 20.00
0.101 2.85 51.04 20.00
0.102 2.88 51.05 20.00
0.103 2.90 51.06 20.00
0.104 2.93 51.07 20.00
0.105 2.96 51.08 20.00
0.106 2.99 51.09 20.00
0.107 3.02 51.10 20.00
0.108 3.04 51.11 20.00
0.109 3.07 51.12 20.00
0.110 3.10 51.13 20.00
0.111 3.13 51.14 20.00
0.112 3.16 51.15 20.00
0.113 3.19 51.16 20.00
0.114 3.21 51.17 20.00
0.115 3.24 51.18 20.00
0.116 3.27 51.19 20.00
0.117 3.30 51.20 20.00
0.118 3.33 51.21 20.00
0.119 3.35 51.22 20.00
0.120 3.38 51.23 20.00
0.121 3.41 51.24 20.00
0.122 3.44 51.25 20.00
0.123 3.47 51.26 20.00
0.124 3.50 51.27 20.00
0.125 3.52 51.28 20.00
0.126 3.55 51.29 20.00
0.127 3.58 51.30 20.00
0.128 3.61 51.31 20.00
0.129 3.64 51.32 20.00
0.130 3.66 51.33 20.00
0.131 3.69 51.34 20.00
0.132 3.72 51.35 20.00
0.133 3.75 51.36 20.00
0.134 3.78 51.37 20.00
0.135 3.81 51.39 20.00
0.136 3.83 51.40 20.00
0.137 3.86 51.41 20.00
0.138 3.89 51.42 20.00
0.139 3.92 51.43 20.00
0.140 3.95 51.44 20.00
0.141 3.97 51.45 20.00
0.142 4.00 51.46 20.00
0.143 4.03 51.47 20.00
0.144 4.06 51.48 20.00
0.145 4.09 51.49 20.00
0.146 4.12 51.50 20.00
0.147 4.14 51.51 20.00
0.148 4.17 51.52 20.00
0.149 4.20 51.53 20.00
0.150 4.23 51.54 20.00
0.151 4.26 51.55 20.00
0.152 4.28 51.56 20.00
0.153 4.31 51.57 20.00
0.154 4.34 51.58 20.00
0.155 4.37 51.59 20.00
0.156 4.40 51.60 20.00
0.157 4.43 51.61 20.00
0.158 4.45 51.62 20.00
0.159 4.48 51.63 20.00
0.160 4.51 51.64 20.00
0.161 4.54 51.65 20.00
0.162 4.57 51.66 20.00
0.163 4.60 51.67 20.00
0.164 4.62 51.68 20.00
0.165 4.65 51.69 20.00
0.166 4.68 51.70 20.00
0.167 4.71 51.71 20.00
0.168 4.74 51.72 20.00
0.169 4.76 51.73 20.00
0.170 4.79 51.74 20.00
0.171 4.82 51.75 20.00
0.172 4.85 51.76 20.00
0.173 4.88 51.78 20.00
0.174 4.91 51.79 20.00
0.175 4.93 51.80 20.00
0.176 4.96 51.81 20.00
0.177 4.99 51.82 20.00
0.178 5.02 51.83 20.00
0.179 5.05 51.84 20.00
0.180 5.07 51.85 20.00
0.181 5.10 51.86 20.00
0.182 5.13 51.87 20.00
0.183 5.16 51.88 20.00
0.184 5.19 51.89 20.00
0.185 5.22 51.90 20.00
0.186 5.24 51.91 20.00
0.187 5.27 51.92 20.00
0.188 5.30 51.93 20.00
0.189 5.33 51.94 20.00
0.190 5.36 51.95 20.00
0.191 5.38 51.96 20.00
0.192 5.41 51.97 20.00
0.193 5.44 51.98 20.00
0.194 5.47 51.99 20.00
0.195 5.50 52.00 20.00
0.196 5.53 52.01 20.00
0.197 5.55 52.02 20.00
0.198 5.58 52.03 20.00
0.199 5.61 52.04 20.00
0.200 5.64 52.05 20.00
0.201 5.67 52.06 20.00
0.202 5.69 52.07 20.00
0.203 5.72 52.08 20.00
0.204 5.75 52.09 20.00
0.205 5.78 52.10 20.00
0.206 5.81 52.11 20.00
0.207 5.84 52.12 20.00
0.208 5.86 52.13 20.00
0.209 5.89 52.14 20.00
0.210 5.92 52.15 20.00
0.211 5.95 52.16 20.00
0.212 5.98 52.18 20.00
0.213 6.00 52.19 20.00
0.214 6.03 52.20 20.00
0.215 6.06 52.21 20.00
0.216 6.09 52.22 20.00
0.217 6.12 52.23 20.00
0.218 6.15 52.24 20.00
0.219 6.17 52.25 20.00
0.220 6.20 52.26 20.00
0.221 6.23 52.27 20.00
0.222 6.26 52.28 20.00
0.223 6.29 52.29 20.00
0.224 6.31 52.30 20.00
0.225 6.34 52.31 20.00
0.226 6.37 52.32 20.00
0.227 6.40 52.33 20.00
0.228 6.43 52.34 20.00
0.229 6.46 52.35 20.00
0.230 6.48 52.36 20.00
0.231 6.51 52.37 20.00
0.232 6.54 52.38 20.00
0.233 6.57 52.39 20.00
0.234 6.60 52.40 20.00
0.235 6.62 52.41 20.00
0.236 6.65 52.42 20.00
0.237 6.68 52.43 20.00
0.238 6.71 52.44 20.00
0.239 6.74 52.45 20.00
0.240 6.77 52.46 20.00
0.241 6.79 52.47 20.00
0.242 6.82 52.48 20.00
0.243 6.85 52.49 20.00
0.244 6.88 52.50 20.00
0.245 6.91 52.51 20.00
0.246 6.93 52.52 20.00
0.247 6.96 52.53 20.00
0.248 6.99 52.54 20.00
0.249 7.02 52.55 20.00
0.250 7.05 52.57 20.00
0.251 7.08 52.58 20.00
0.252 7.10 52.59 20.00
0.253 7.13 52.60 20.00
0.254 7.16 52.61 20.00
0.255 7.19 52.62 20.00
0.256 7.22 52.63 20.00
0.257 7.25 52.64 20.00
0.258 7.27 52.65 20.00
0.259 7.30 52.66 20.00
0.260 7.33 52.67 20.00
0.261 7.36 52.68 20.00
0.262 7.39 52.69 20.00
0.263 7.41 52.70 20.00
0.264 7.44 52.71 20.00
0.265 7.47 52.72 20.00
0.266 7.50 52.73 20.00
0.267 7.53 52.74 20.00
0.268 7.56 52.75 20.00
0.269 7.58 52.76 20.00
0.270 7.61 52.77 20.00
0.271 7.64 52.78 20.00
0.272 7.67 52.79 20.00
0.273 7.70 52.80 20.00
0.274 7.72 52.81 20.00
0.275 7.75 52.82 20.00
0.276 7.78 52.83 20.00
0.277 7.81 52.84 20.00
0.278 7.84 52.85 20.00
0.279 7.87 52.86 20.00
0.280 7.89 52.87 20.00
0.281 7.92 52.88 20.00
0.282 7.95 52.89 20.00
0.283 7.98 52.90 20.00
0.284 8.01 52.91 20.00
0.285 8.03 52.92 20.00
0.286 8.06 52.93 20.00
0.287 8.09 52.94 20.00
0.288 8.12 52.96 20.00
0.289 8.15 52.97 20.00
0.290 8.18 52.98 20.00
0.291 8.20 52.99 20.00
0.292 8.23 53.00 20.00
0.293 8.26 53.01 20.00
0.294 8.29 53.02 20.00
0.295 8.32 53.03 20.00
0.296 8.34 53.04 20.00
0.297 8.37 53.05 20.00
0.298 8.40 53.06 20.00
0.299 8.43 53.07 20.00
0.300 8.46 53.08 20.00
0.301 8.49 53.09 20.00
0.302 8.51 53.10 20.00
0.303 8.54 53.11 20.00
0.304 8.57 53.12 20.00
0.305 8.60 53.13 20.00
0.306 8.63 53.14 20.00
0.307 8.65 53.15 20.00
0.308 8.68 53.16 20.00
0.309 8.71 53.17 20.00
0.310 8.74 53.18 20.00
0.311 8.77 53.19 20.00
0.312 8.80 53.20 20.00
0.313 8.82 53.21 20.00
0.314 8.85 53.22 20.00
0.315 8.88 53.23 20.00
0.316 8.91 53.24 20.00
0.317 8.94 53.25 20.00
0.318 8.96 53.26 20.00
0.319 8.99 53.27 20.00
0.320 9.02 53.28 20.00
0.321 9.05 53.29 20.00
0.322 9.08 53.30 20.00
0.323 9.11 53.31 20.00
0.324 9.13 53.32 20.00
0.325 9.16 53.33 20.00
0.326 9.19 53.34 20.00
0.327 9.22 53.36 20.00
0.328 9.25 53.37 20.00
0.329 9.27 53.38 20.00
0.330 9.30 53.39 20.00
0.331 9.33 53.40 20.00
0.332 9.36 53.41 20.00
0.333 9.39 53.42 20.00
0.334 9.42 53.43 20.00
0.335 9.44 53.44 20.00
0.336 9.47 53.45 20.00
0.337 9.50 53.46 20.00
0.338 9.53 53.47 20.00
0.339 9.56 53.48 20.00
0.340 9.58 53.49 20.00
0.341 9.61 53.50 20.00
0.342 9.64 53.51 20.00
0.343 9.67 53.52 20.00
0.344 9.70 53.53 20.00
0.345 9.73 53.54 20.00
0.346 9.75 53.55 20.00
0.347 9.78 53.56 20.00
0.348 9.81 53.57 20.00
0.349 9.84 53.58 20.00
0.350 9.87 53.59 20.00
0.351 9.89 53.60 20.00
0.352 9.92 53.61 20.00
0.353 9.95 53.62 20.00
0.354 9.98 53.63 20.00
0.355 10.01 53.64 20.00
0.356 10.04 53.65 20.00
0.357 10.06 53.66 20.00
0.358 10.09 53.67 20.00
0.359 10.12 53.68 20.00
0.360 10.15 53.69 20.00
0.361 10.18 53.70 20.00
0.362 10.21 53.71 20.00
0.363 10.23 53.72 20.00
0.364 10.26 53.73 20.00
0.365 10.29 53.75 20.00
0.366 10.32 53.76 20.00
0.367 10.35 53.77 20.00
0.368 10.37 53.78 20.00
0.369 10.40 53.79 20.00
0.370 10.43 53.80 20.00
0.371 10.46 53.81 20.00
0.372 10.49 53.82 20.00
0.373 10.52 53.83 20.00
0.374 10.54 53.84 20.00
0.375 10.57 53.85 20.00
0.376 10.60 53.86 20.00
0.377 10.63 53.87 20.00
0.378 10.66 53.88 20.00
0.379 10.68 53.89 20.00
0.380 10.71 53.90 20.00
0.381 10.74 53.91 20.00
0.382 10.77 53.92 20.00
0.383 10.80 53.93 20.00
0.384 10.83 53.94 20.00
0.385 10.85 53.95 20.00
0.386 10.88 53.96 20.00
0.387 10.91 53.97 20.00
0.388 10.94 53.98 20.00
0.389 10.97 53.99 20.00
0.390 10.99 54.00 20.00
0.391 11.02 54.01 20.00
0.392 11.05 54.02 20.00
0.393 11.08 54.03 20.00
0.394 11.11 54.04 20.00
0.395 11.14 54.05 20.00
0.396 11.16 54.06 20.00
0.397 11.19 54.07 20.00
0.398 11.22 54.08 20.00
0.399 11.25 54.09 20.00
0.400 11.28 54.10 20.00
0.401 11.30 54.11 20.00
0.402 11.33 54.12 20.00
0.403 11.36 54.14 20.00
0.404 11.39 54.15 20.00
0.405 11.42 54.16 20.00
0.406 11.45 54.17 20.00
0.407 11.47 54.18 20.00
0.408 11.50 54.19 20.00
0.409 11.53 54.20 20.00
0.410 11.56 54.21 20.00
0.411 11.59 54.22 20.00
0.412 11.61 54.23 20.00
0.413 11.64 54.24 20.00
0.414 11.67 54.25 20.00
0.415 11.70 54.26 20.00
0.416 11.73 54.27 20.00
0.417 11.76 54.28 20.00
0.418 11.78 54.29 20.00
0.419 11.81 54.30 20.00
0.420 11.84 54.31 20.00
0.421 11.87 54.32 20.00
0.422 11.90 54.33 20.00
0.423 11.92 54.34 20.00
0.424 11.95 54.35 20.00
0.425 11.98 54.36 20.00
0.426 12.01 54.37 20.00
0.427 12.04 54.38 20.00
0.428 12.07 54.39 20.00
0.429 12.09 54.40 20.00
0.430 12.12 54.41 20.00
0.431 12.15 54.42 20.00
0.432 12.18 54.43 20.00
0.433 12.21 54.44 20.00
0.434 12.23 54.45 20.00
0.435 12.26 54.46 20.00
0.436 12.29 54.47 20.00
0.437 12.32 54.48 20.00
0.438 12.35 54.49 20.00
0.439 12.38 54.50 20.00
0.440 12.40 54.51 20.00
0.441 12.43 54.52 20.00
0.442 12.46 54.54 20.00
0.443 12.49 54.55 20.00
0.444 12.52 54.56 20.00
0.445 12.54 54.57 20.00
0.446 12.57 54.58 20.00
0.447 12.60 54.59 20.00
0.448 12.63 54.60 20.00
0.449 12.66 54.61 20.00
0.450 12.69 54.62 20.00
0.451 12.71 54.63 20.00
0.452 12.74 54.64 20.00
0.453 12.77 54.65 20.00
0.454 12.80 54.66 20.00
0.455 12.83 54.67 20.00
0.456 12.85 54.68 20.00
0.457 12.88 54.69 20.00
0.458 12.91 54.70 20.00
0.459 12.94 54.71 20.00
0.460 12.97 54.72 20.00
0.461 13.00 54.73 20.00
0.462 13.02 54.74 20.00
0.463 13.05 54.75 20.00
0.464 13.08 54.76 20.00
0.465 13.11 54.77 20.00
0.466 13.14 54.78 20.00
0.467 13.17 54.79 20.00
0.468 13.19 54.80 20.00
0.469 13.22 54.81 20.00
0.470 13.25 54.82 20.00
0.471 13.28 54.83 20.00
0.472 13.31 54.84 20.00
0.473 13.33 54.85 20.00
0.474 13.36 54.86 20.00
0.475 13.39 54.87 20.00
0.476 13.42 54.88 20.00
0.477 13.45 54.89 20.00
0.478 13.48 54.90 20.00
0.479 13.50 54.91 20.00
0.480 13.53 54.93 20.00
0.481 13.56 54.94 20.00
0.482 13.59 54.95 20.00
0.483 13.62 54.96 20.00
0.484 13.64 54.97 20.00
0.485 13.67 54.98 20.00
0.486 13.70 54.99 20.00
0.487 13.73 55.00 20.00
0.488 13.76 55.01 20.00
0.489 13.79 55.02 20.00
0.490 13.81 55.03 20.00
0.491 13.84 55.04 20.00
0.492 13.87 55.05 20.00
0.493 13.90 55.06 20.00
0.494 13.93 55.07 20.00
0.495 13.95 55.08 20.00
0.496 13.98 55.09 20.00
0.497 14.01 55.10 20.00
0.498 14.04 55.11 20.00
0.499 14.07 55.12 20.00
