0.010 0.30 350.00 0.00
0.020 0.60 350.00 0.00
0.030 0.90 350.00 0.00
0.040 1.20 350.00 0.00
0.050 1.50 350.00 0.00
0.060 1.80 350.00 0.00
0.070 2.10 350.00 0.00
0.080 2.40 350.00 0.00
0.090 2.70 350.00 0.00
0.100 3.00 350.00 0.00
0.110 3.30 350.00 0.00
0.120 3.60 350.00 0.00
0.130 3.90 350.00 0.00
0.140 4.20 350.00 0.00
0.150 4.50 350.00 0.00
0.160 4.80 350.00 0.00
0.170 5.10 350.00 0.00
0.180 5.40 350.00 0.00
0.190 5.70 350.00 0.00
0.200 6.00 350.00 0.00
0.210 6.30 350.00 0.00
0.220 6.60 350.00 0.00
0.230 6.90 350.00 0.00
0.240 7.20 350.00 0.00
0.250 7.50 350.00 0.00
0.260 7.80 350.00 0.00
0.270 8.10 350.00 0.00
0.280 8.40 350.00 0.00
0.290 8.70 350.00 0.00
0.300 9.00 350.00 0.00
0.310 9.30 350.00 0.00
0.320 9.60 350.00 0.00
0.330 9.90 350.00 0.00
0.340 10.20 350.00 0.00
0.350 10.50 350.00 0.00
0.360 10.80 350.00 0.00
0.370 11.10 350.00 0.00
0.380 11.40 350.00 0.00
0.390 11.70 350.00 0.00
0.400 12.00 350.00 0.00
0.410 12.30 350.00 0.00
0.420 12.60 350.00 0.00
0.430 12.90 350.00 0.00
0.440 13.20 350.00 0.00
0.450 13.50 350.00 0.00
0.460 13.80 350.00 0.00
0.470 14.10 350.00 0.00
0.480 14.40 350.00 0.00
0.490 14.70 350.00 0.00
0.500 15.00 350.00 0.00
0.510 15.30 350.00 0.00
0.520 15.60 350.00 0.00
0.530 15.90 350.00 0.00
0.540 16.20 350.00 0.00
0.550 16.50 350.00 0.00
0.560 16.80 350.00 0.00
0.570 17.10 350.00 0.00
0.580 17.40 350.00 0.00
0.590 17.70 350.00 0.00
0.600 18.00 350.00 0.00
0.610 18.30 350.00 0.00
0.620 18.60 350.00 0.00
0.630 18.90 350.00 0.00
0.640 19.20 350.00 0.00
0.650 19.50 350.00 0.00
0.660 19.80 350.00 0.00
0.670 20.10 350.00 0.00
0.680 20.40 350.00 0.00
0.690 20.70 350.00 0.00
0.700 21.00 350.00 0.00
0.710 21.30 350.00 0.00
0.720 21.60 350.00 0.00
0.730 21.90 350.00 0.00
0.740 22.20 350.00 0.00
0.750 22.50 350.00 0.00
0.760 22.80 350.00 0.00
0.770 23.10 350.00 0.00
0.780 23.40 350.00 0.00
0.790 23.70 350.00 0.00
0.800 24.00 350.00 0.00
0.810 24.30 350.00 0.00
0.820 24.60 350.00 0.00
0.830 24.90 350.00 0.00
0.840 25.20 350.00 0.00
0.850 25.50 350.00 0.00
0.860 25.80 350.00 0.00
0.870 26.10 350.00 0.00
0.880 26.40 350.00 0.00
0.890 26.70 350.00 0.00
0.900 27.00 350.00 0.00
0.910 27.30 350.00 0.00
0.920 27.60 350.00 0.00
0.930 27.90 350.00 0.00
0.940 28.20 350.00 0.00
0.950 28.50 350.00 0.00
0.960 28.80 350.00 0.00
0.970 29.10 350.00 0.00
0.980 29.40 350.00 0.00
0.990 29.70 350.00 0.00
1.000 30.00 350.00 0.00
1.010 30.30 350.00 0.00
1.020 30.60 350.00 0.00
1.030 30.90 350.00 0.00
1.040 31.20 350.00 0.00
1.050 31.50 350.00 0.00
1.060 31.80 350.00 0.00
1.070 32.10 350.00 0.00
1.080 32.40 350.00 0.00
1.090 32.70 350.00 0.00
1.100 33.00 350.00 0.00
1.110 33.30 350.00 0.00
1.120 33.60 350.00 0.00
1.130 33.90 350.00 0.00
1.140 34.20 350.00 0.00
1.150 34.50 350.00 0.00
1.160 34.80 350.00 0.00
1.170 35.10 350.00 0.00
1.180 35.40 350.00 0.00
1.190 35.70 350.00 0.00
1.200 36.00 350.00 0.00
1.210 36.30 350.00 0.00
1.220 36.60 350.00 0.00
1.230 36.90 350.00 0.00
1.240 37.20 350.00 0.00
1.250 37.50 350.00 0.00
1.260 37.80 350.00 0.00
1.270 38.10 350.00 0.00
1.280 38.40 350.00 0.00
1.290 38.70 350.00 0.00
1.300 39.00 350.00 0.00
1.310 39.30 350.00 0.00
1.320 39.60 350.00 0.00
1.330 39.90 350.00 0.00
1.340 40.20 350.00 0.00
1.350 40.50 350.00 0.00
1.360 40.80 350.00 0.00
1.370 41.10 350.00 0.00
1.380 41.40 350.00 0.00
1.390 41.70 350.00 0.00
1.400 42.00 350.00 0.00
1.410 42.30 350.00 0.00
1.420 42.60 350.00 0.00
1.430 42.90 350.00 0.00
1.440 43.20 350.00 0.00
1.450 43.50 350.00 0.00
1.460 43.80 350.00 0.00
1.470 44.10 350.00 0.00
1.480 44.40 350.00 0.00
1.490 44.70 350.00 0.00
1.500 45.00 350.00 0.00
1.510 45.30 350.00 0.00
1.520 45.60 350.00 0.00
1.530 45.90 350.00 0.00
1.540 46.20 350.00 0.00
1.550 46.50 350.00 0.00
1.560 46.80 350.00 0.00
1.570 47.10 350.00 0.00
1.580 47.40 350.00 0.00
1.590 47.70 350.00 0.00
1.600 48.00 350.00 0.00
1.610 48.30 350.00 0.00
1.620 48.60 350.00 0.00
1.630 48.90 350.00 0.00
1.640 49.20 350.00 0.00
1.650 49.50 350.00 0.00
1.660 49.80 350.00 0.00
1.670 50.10 350.00 0.00
1.680 50.40 350.00 0.00
1.690 50.70 350.00 0.00
1.700 51.00 350.00 0.00
1.710 51.30 350.00 0.00
1.720 51.60 350.00 0.00
1.730 51.90 350.00 0.00
1.740 52.20 350.00 0.00
1.750 52.50 350.00 0.00
1.760 52.80 350.00 0.00
1.770 53.10 350.00 0.00
1.780 53.40 350.00 0.00
1.790 53.70 350.00 0.00
1.800 54.00 350.00 0.00
1.810 54.30 350.00 0.00
1.820 54.60 350.00 0.00
1.830 54.90 350.00 0.00
1.840 55.20 350.00 0.00
1.850 55.50 350.00 0.00
1.860 55.80 350.00 0.00
1.870 56.10 350.00 0.00
1.880 56.40 350.00 0.00
1.890 56.70 350.00 0.00
1.900 57.00 350.00 0.00
1.910 57.30 350.00 0.00
1.920 57.60 350.00 0.00
1.930 57.90 350.00 0.00
1.940 58.20 350.00 0.00
1.950 58.50 350.00 0.00
1.960 58.80 350.00 0.00
1.970 59.10 350.00 0.00
1.980 59.40 350.00 0.00
1.990 59.70 350.00 0.00
2.000 60.00 350.00 0.00
2.010 60.30 350.00 0.00
2.020 60.60 350.00 0.00
2.030 60.90 350.00 0.00
2.040 61.20 350.00 0.00
2.050 61.50 350.00 0.00
2.060 61.80 350.00 0.00
2.070 62.10 350.00 0.00
2.080 62.40 350.00 0.00
2.090 62.70 350.00 0.00
2.100 63.00 350.00 0.00
2.110 63.30 350.00 0.00
2.120 63.60 350.00 0.00
2.130 63.90 350.00 0.00
2.140 64.20 350.00 0.00
2.150 64.50 350.00 0.00
2.160 64.80 350.00 0.00
2.170 65.10 350.00 0.00
2.180 65.40 350.00 0.00
2.190 65.70 350.00 0.00
2.200 66.00 350.00 0.00
2.210 66.30 350.00 0.00
2.220 66.60 350.00 0.00
2.230 66.90 350.00 0.00
2.240 67.20 350.00 0.00
2.250 67.50 350.00 0.00
2.260 67.80 350.00 0.00
2.270 68.10 350.00 0.00
2.280 68.40 350.00 0.00
2.290 68.70 350.00 0.00
2.300 69.00 350.00 0.00
2.310 69.30 350.00 0.00
2.320 69.60 350.00 0.00
2.330 69.90 350.00 0.00
2.340 70.20 350.00 0.00
2.350 70.50 350.00 0.00
2.360 70.80 350.00 0.00
2.370 71.10 350.00 0.00
2.380 71.40 350.00 0.00
2.390 71.70 350.00 0.00
2.400 72.00 350.00 0.00
2.410 72.30 350.00 0.00
2.420 72.60 350.00 0.00
2.430 72.90 350.00 0.00
2.440 73.20 350.00 0.00
2.450 73.50 350.00 0.00
2.460 73.80 350.00 0.00
2.470 74.10 350.00 0.00
2.480 74.40 350.00 0.00
2.490 74.70 350.00 0.00
2.500 75.00 350.00 0.00
2.510 75.30 350.00 0.00
2.520 75.60 350.00 0.00
2.530 75.90 350.00 0.00
2.540 76.20 350.00 0.00
2.550 76.50 350.00 0.00
2.560 76.80 350.00 0.00
2.570 77.10 350.00 0.00
2.580 77.40 350.00 0.00
2.590 77.70 350.00 0.00
2.600 78.00 350.00 0.00
2.610 78.30 350.00 0.00
2.620 78.60 350.00 0.00
2.630 78.90 350.00 0.00
2.640 79.20 350.00 0.00
2.650 79.50 350.00 0.00
2.660 79.80 350.00 0.00
2.670 80.10 350.00 0.00
2.680 80.40 350.00 0.00
2.690 80.70 350.00 0.00
2.700 81.00 350.00 0.00
2.710 81.30 350.00 0.00
2.720 81.60 350.00 0.00
2.730 81.90 350.00 0.00
2.740 82.20 350.00 0.00
2.750 82.50 350.00 0.00
2.760 82.80 350.00 0.00
2.770 83.10 350.00 0.00
2.780 83.40 350.00 0.00
2.790 83.70 350.00 0.00
2.800 84.00 350.00 0.00
2.810 84.30 350.00 0.00
2.820 84.60 350.00 0.00
2.830 84.90 350.00 0.00
2.840 85.20 350.00 0.00
2.850 85.50 350.00 0.00
2.860 85.80 350.00 0.00
2.870 86.10 350.00 0.00
2.880 86.40 350.00 0.00
2.890 86.70 350.00 0.00
2.900 87.00 350.00 0.00
2.910 87.30 350.00 0.00
2.920 87.60 350.00 0.00
2.930 87.90 350.00 0.00
2.940 88.20 350.00 0.00
2.950 88.50 350.00 0.00
2.960 88.80 350.00 0.00
2.970 89.10 350.00 0.00
2.980 89.40 350.00 0.00
2.990 89.70 350.00 0.00
3.000 90.00 350.00 0.00
3.010 90.30 350.00 0.00
3.020 90.60 350.00 0.00
3.030 90.90 350.00 0.00
3.040 91.20 350.00 0.00
3.050 91.50 350.00 0.00
3.060 91.80 350.00 0.00
3.070 92.10 350.00 0.00
3.080 92.40 350.00 0.00
3.090 92.70 350.00 0.00
3.100 93.00 350.00 0.00
3.110 93.30 350.00 0.00
3.120 93.60 350.00 0.00
3.130 93.90 350.00 0.00
3.140 94.20 350.00 0.00
3.150 94.50 350.00 0.00
3.160 94.80 350.00 0.00
3.170 95.10 350.00 0.00
3.180 95.40 350.00 0.00
3.190 95.70 350.00 0.00
3.200 96.00 350.00 0.00
3.210 96.30 350.00 0.00
3.220 96.60 350.00 0.00
3.230 96.90 350.00 0.00
3.240 97.20 350.00 0.00
3.250 97.50 350.00 0.00
3.260 97.80 350.00 0.00
3.270 98.10 350.00 0.00
3.280 98.40 350.00 0.00
3.290 98.70 350.00 0.00
3.300 99.00 350.00 0.00
3.310 99.30 350.00 0.00
3.320 99.60 350.00 0.00
3.330 99.90 350.00 0.00
3.340 100.20 350.00 0.00
3.350 100.50 350.00 0.00
3.360 100.80 350.00 0.00
3.370 101.10 350.00 0.00
3.380 101.40 350.00 0.00
3.390 101.70 350.00 0.00
3.400 102.00 350.00 0.00
3.410 102.30 350.00 0.00
3.420 102.60 350.00 0.00
3.430 102.90 350.00 0.00
3.440 103.20 350.00 0.00
3.450 103.50 350.00 0.00
3.460 103.80 350.00 0.00
3.470 104.10 350.00 0.00
3.480 104.40 350.00 0.00
3.490 104.70 350.00 0.00
3.500 105.00 350.00 0.00
3.510 105.30 350.00 0.00
3.520 105.60 350.00 0.00
3.530 105.90 350.00 0.00
3.540 106.20 350.00 0.00
3.550 106.50 350.00 0.00
3.560 106.80 350.00 0.00
3.570 107.10 350.00 0.00
3.580 107.40 350.00 0.00
3.590 107.70 350.00 0.00
3.600 108.00 350.00 0.00
3.610 108.30 350.00 0.00
3.620 108.60 350.00 0.00
3.630 108.90 350.00 0.00
3.640 109.20 350.00 0.00
3.650 109.50 350.00 0.00
3.660 109.80 350.00 0.00
3.670 110.10 350.00 0.00
3.680 110.40 350.00 0.00
3.690 110.70 350.00 0.00
3.700 111.00 350.00 0.00
3.710 111.30 350.00 0.00
3.720 111.60 350.00 0.00
3.730 111.90 350.00 0.00
3.740 112.20 350.00 0.00
3.750 112.50 350.00 0.00
3.760 112.80 350.00 0.00
3.770 113.10 350.00 0.00
3.780 113.40 350.00 0.00
3.790 113.70 350.00 0.00
3.800 114.00 350.00 0.00
3.810 114.30 350.00 0.00
3.820 114.60 350.00 0.00
3.830 114.90 350.00 0.00
3.840 115.20 350.00 0.00
3.850 115.50 350.00 0.00
3.860 115.80 350.00 0.00
3.870 116.10 350.00 0.00
3.880 116.40 350.00 0.00
3.890 116.70 350.00 0.00
3.900 117.00 350.00 0.00
3.910 117.30 350.00 0.00
3.920 117.60 350.00 0.00
3.930 117.90 350.00 0.00
3.940 118.20 350.00 0.00
3.950 118.50 350.00 0.00
3.960 118.80 350.00 0.00
3.970 119.10 350.00 0.00
3.980 119.40 350.00 0.00
3.990 119.70 350.00 0.00
4.000 120.00 350.00 0.00
4.010 120.30 350.00 0.00
4.020 120.60 350.00 0.00
4.030 120.90 350.00 0.00
4.040 121.20 350.00 0.00
4.050 121.50 350.00 0.00
4.060 121.80 350.00 0.00
4.070 122.10 350.00 0.00
4.080 122.40 350.00 0.00
4.090 122.70 350.00 0.00
4.100 123.00 350.00 0.00
4.110 123.30 350.00 0.00
4.120 123.60 350.00 0.00
4.130 123.90 350.00 0.00
4.140 124.20 350.00 0.00
4.150 124.50 350.00 0.00
4.160 124.80 350.00 0.00
4.170 125.10 350.00 0.00
4.180 125.40 350.00 0.00
4.190 125.70 350.00 0.00
4.200 126.00 350.00 0.00
4.210 126.30 350.00 0.00
4.220 126.60 350.00 0.00
4.230 126.90 350.00 0.00
4.240 127.20 350.00 0.00
4.250 127.50 350.00 0.00
4.260 127.80 350.00 0.00
4.270 128.10 350.00 0.00
4.280 128.40 350.00 0.00
4.290 128.70 350.00 0.00
4.300 129.00 350.00 0.00
4.310 129.30 350.00 0.00
4.320 129.60 350.00 0.00
4.330 129.90 350.00 0.00
4.340 130.20 350.00 0.00
4.350 130.50 350.00 0.00
4.360 130.80 350.00 0.00
4.370 131.10 350.00 0.00
4.380 131.40 350.00 0.00
4.390 131.70 350.00 0.00
4.400 132.00 350.00 0.00
4.410 132.30 350.00 0.00
4.420 132.60 350.00 0.00
4.430 132.90 350.00 0.00
4.440 133.20 350.00 0.00
4.450 133.50 350.00 0.00
4.460 133.80 350.00 0.00
4.470 134.10 350.00 0.00
4.480 134.40 350.00 0.00
4.490 134.70 350.00 0.00
4.500 135.00 350.00 0.00
4.510 135.30 350.00 0.00
4.520 135.60 350.00 0.00
4.530 135.90 350.00 0.00
4.540 136.20 350.00 0.00
4.550 136.50 350.00 0.00
4.560 136.80 350.00 0.00
4.570 137.10 350.00 0.00
4.580 137.40 350.00 0.00
4.590 137.70 350.00 0.00
4.600 138.00 350.00 0.00
4.610 138.30 350.00 0.00
4.620 138.60 350.00 0.00
4.630 138.90 350.00 0.00
4.640 139.20 350.00 0.00
4.650 139.50 350.00 0.00
4.660 139.80 350.00 0.00
4.670 140.10 350.00 0.00
4.680 140.40 350.00 0.00
4.690 140.70 350.00 0.00
4.700 141.00 350.00 0.00
4.710 141.30 350.00 0.00
4.720 141.60 350.00 0.00
4.730 141.90 350.00 0.00
4.740 142.20 350.00 0.00
4.750 142.50 350.00 0.00
4.760 142.80 350.00 0.00
4.770 143.10 350.00 0.00
4.780 143.40 350.00 0.00
4.790 143.70 350.00 0.00
4.800 144.00 350.00 0.00
4.810 144.30 350.00 0.00
4.820 144.60 350.00 0.00
4.830 144.90 350.00 0.00
4.840 145.20 350.00 0.00
4.850 145.50 350.00 0.00
4.860 145.80 350.00 0.00
4.870 146.10 350.00 0.00
4.880 146.40 350.00 0.00
4.890 146.70 350.00 0.00
4.900 147.00 350.00 0.00
4.910 147.30 350.00 0.00
4.920 147.60 350.00 0.00
4.930 147.90 350.00 0.00
4.940 148.20 350.00 0.00
4.950 148.50 350.00 0.00
4.960 148.80 350.00 0.00
4.970 149.10 350.00 0.00
4.980 149.40 350.00 0.00
4.990 149.70 350.00 0.00
5.000 150.00 350.00 0.00
5.010 150.30 350.00 0.00
5.020 150.60 350.00 0.00
5.030 150.90 350.00 0.00
5.040 151.20 350.00 0.00
5.050 151.50 350.00 0.00
5.060 151.80 350.00 0.00
5.070 152.10 350.00 0.00
5.080 152.40 350.00 0.00
5.090 152.70 350.00 0.00
5.100 153.00 350.00 0.00
5.110 153.30 350.00 0.00
5.120 153.60 350.00 0.00
5.130 153.90 350.00 0.00
5.140 154.20 350.00 0.00
5.150 154.50 350.00 0.00
5.160 154.80 350.00 0.00
5.170 155.10 350.00 0.00
5.180 155.40 350.00 0.00
5.190 155.70 350.00 0.00
5.200 156.00 350.00 0.00
5.210 156.30 350.00 0.00
5.220 156.60 350.00 0.00
5.230 156.90 350.00 0.00
5.240 157.20 350.00 0.00
5.250 157.50 350.00 0.00
5.260 157.80 350.00 0.00
5.270 158.10 350.00 0.00
5.280 158.40 350.00 0.00
5.290 158.70 350.00 0.00
5.300 159.00 350.00 0.00
5.310 159.30 350.00 0.00
5.320 159.60 350.00 0.00
5.330 159.90 350.00 0.00
5.340 160.20 350.00 0.00
5.350 160.50 350.00 0.00
5.360 160.80 350.00 0.00
5.370 161.10 350.00 0.00
5.380 161.40 350.00 0.00
5.390 161.70 350.00 0.00
5.400 162.00 350.00 0.00
5.410 162.30 350.00 0.00
5.420 162.60 350.00 0.00
5.430 162.90 350.00 0.00
5.440 163.20 350.00 0.00
5.450 163.50 350.00 0.00
5.460 163.80 350.00 0.00
5.470 164.10 350.00 0.00
5.480 164.40 350.00 0.00
5.490 164.70 350.00 0.00
5.500 165.00 350.00 0.00
5.510 165.30 350.00 0.00
5.520 165.60 350.00 0.00
5.530 165.90 350.00 0.00
5.540 166.20 350.00 0.00
5.550 166.50 350.00 0.00
5.560 166.80 350.00 0.00
5.570 167.10 350.00 0.00
5.580 167.40 350.00 0.00
5.590 167.70 350.00 0.00
5.600 168.00 350.00 0.00
5.610 168.30 350.00 0.00
5.620 168.60 350.00 0.00
5.630 168.90 350.00 0.00
5.640 169.20 350.00 0.00
5.650 169.50 350.00 0.00
5.660 169.80 350.00 0.00
5.670 170.10 350.00 0.00
5.680 170.40 350.00 0.00
5.690 170.70 350.00 0.00
5.700 171.00 350.00 0.00
5.710 171.30 350.00 0.00
5.720 171.60 350.00 0.00
5.730 171.90 350.00 0.00
5.740 172.20 350.00 0.00
5.750 172.50 350.00 0.00
5.760 172.80 350.00 0.00
5.770 173.10 350.00 0.00
5.780 173.40 350.00 0.00
5.790 173.70 350.00 0.00
5.800 174.00 350.00 0.00
5.810 174.30 350.00 0.00
5.820 174.60 350.00 0.00
5.830 174.90 350.00 0.00
5.840 175.20 350.00 0.00
5.850 175.50 350.00 0.00
5.860 175.80 350.00 0.00
5.870 176.10 350.00 0.00
5.880 176.40 350.00 0.00
5.890 176.70 350.00 0.00
5.900 177.00 350.00 0.00
5.910 177.30 350.00 0.00
5.920 177.60 350.00 0.00
5.930 177.90 350.00 0.00
5.940 178.20 350.00 0.00
5.950 178.50 350.00 0.00
5.960 178.80 350.00 0.00
5.970 179.10 350.00 0.00
5.980 179.40 350.00 0.00
5.990 179.70 350.00 0.00
6.000 180.00 350.00 0.00
6.010 180.30 350.00 0.00
6.020 180.60 350.00 0.00
6.030 180.90 350.00 0.00
6.040 181.20 350.00 0.00
6.050 181.50 350.00 0.00
6.060 181.80 350.00 0.00
6.070 182.10 350.00 0.00
6.080 182.40 350.00 0.00
6.090 182.70 350.00 0.00
6.100 183.00 350.00 0.00
6.110 183.30 350.00 0.00
6.120 183.60 350.00 0.00
6.130 183.90 350.00 0.00
6.140 184.20 350.00 0.00
6.150 184.50 350.00 0.00
6.160 184.80 350.00 0.00
6.170 185.10 350.00 0.00
6.180 185.40 350.00 0.00
6.190 185.70 350.00 0.00
6.200 186.00 350.00 0.00
6.210 186.30 350.00 0.00
6.220 186.60 350.00 0.00
6.230 186.90 350.00 0.00
6.240 187.20 350.00 0.00
6.250 187.50 350.00 0.00
6.260 187.80 350.00 0.00
6.270 188.10 350.00 0.00
6.280 188.40 350.00 0.00
6.290 188.70 350.00 0.00
6.300 189.00 350.00 0.00
6.310 189.30 350.00 0.00
6.320 189.60 350.00 0.00
6.330 189.90 350.00 0.00
6.340 190.20 350.00 0.00
6.350 190.50 350.00 0.00
6.360 190.80 350.00 0.00
6.370 191.10 350.00 0.00
6.380 191.40 350.00 0.00
6.390 191.70 350.00 0.00
6.400 192.00 350.00 0.00
6.410 192.30 350.00 0.00
6.420 192.60 350.00 0.00
6.430 192.90 350.00 0.00
6.440 193.20 350.00 0.00
6.450 193.50 350.00 0.00
6.460 193.80 350.00 0.00
6.470 194.10 350.00 0.00
6.480 194.40 350.00 0.00
6.490 194.70 350.00 0.00
6.500 195.00 350.00 0.00
6.510 195.30 350.00 0.00
6.520 195.60 350.00 0.00
6.530 195.90 350.00 0.00
6.540 196.20 350.00 0.00
6.550 196.50 350.00 0.00
6.560 196.80 350.00 0.00
6.570 197.10 350.00 0.00
6.580 197.40 350.00 0.00
6.590 197.70 350.00 0.00
6.600 198.00 350.00 0.00
6.610 198.30 350.00 0.00
6.620 198.60 350.00 0.00
6.630 198.90 350.00 0.00
6.640 199.20 350.00 0.00
6.650 199.50 350.00 0.00
6.660 199.80 350.00 0.00
6.670 200.10 350.00 0.00
6.680 200.40 350.00 0.00
6.690 200.70 350.00 0.00
6.700 201.00 350.00 0.00
6.710 201.30 350.00 0.00
6.720 201.60 350.00 0.00
6.730 201.90 350.00 0.00
6.740 202.20 350.00 0.00
6.750 202.50 350.00 0.00
6.760 202.80 350.00 0.00
6.770 203.10 350.00 0.00
6.780 203.40 350.00 0.00
6.790 203.70 350.00 0.00
6.800 204.00 350.00 0.00
6.810 204.30 350.00 0.00
6.820 204.60 350.00 0.00
6.830 204.90 350.00 0.00
6.840 205.20 350.00 0.00
6.850 205.50 350.00 0.00
6.860 205.80 350.00 0.00
6.870 206.10 350.00 0.00
6.880 206.40 350.00 0.00
6.890 206.70 350.00 0.00
6.900 207.00 350.00 0.00
6.910 207.30 350.00 0.00
6.920 207.60 350.00 0.00
6.930 207.90 350.00 0.00
6.940 208.20 350.00 0.00
6.950 208.50 350.00 0.00
6.960 208.80 350.00 0.00
6.970 209.10 350.00 0.00
6.980 209.40 350.00 0.00
6.990 209.70 350.00 0.00
7.000 210.00 350.00 0.00
7.010 210.30 350.00 0.00
7.020 210.60 350.00 0.00
7.030 210.90 350.00 0.00
7.040 211.20 350.00 0.00
7.050 211.50 350.00 0.00
7.060 211.80 350.00 0.00
7.070 212.10 350.00 0.00
7.080 212.40 350.00 0.00
7.090 212.70 350.00 0.00
7.100 213.00 350.00 0.00
7.110 213.30 350.00 0.00
7.120 213.60 350.00 0.00
7.130 213.90 350.00 0.00
7.140 214.20 350.00 0.00
7.150 214.50 350.00 0.00
7.160 214.80 350.00 0.00
7.170 215.10 350.00 0.00
7.180 215.40 350.00 0.00
7.190 215.70 350.00 0.00
7.200 216.00 350.00 0.00
7.210 216.30 350.00 0.00
7.220 216.60 350.00 0.00
7.230 216.90 350.00 0.00
7.240 217.20 350.00 0.00
7.250 217.50 350.00 0.00
7.260 217.80 350.00 0.00
7.270 218.10 350.00 0.00
7.280 218.40 350.00 0.00
7.290 218.70 350.00 0.00
7.300 219.00 350.00 0.00
7.310 219.30 350.00 0.00
7.320 219.60 350.00 0.00
7.330 219.90 350.00 0.00
7.340 220.20 350.00 0.00
7.350 220.50 350.00 0.00
7.360 220.80 350.00 0.00
7.370 221.10 350.00 0.00
7.380 221.40 350.00 0.00
7.390 221.70 350.00 0.00
7.400 222.00 350.00 0.00
7.410 222.30 350.00 0.00
7.420 222.60 350.00 0.00
7.430 222.90 350.00 0.00
7.440 223.20 350.00 0.00
7.450 223.50 350.00 0.00
7.460 223.80 350.00 0.00
7.470 224.10 350.00 0.00
7.480 224.40 350.00 0.00
7.490 224.70 350.00 0.00
7.500 225.00 350.00 0.00
7.510 225.30 350.00 0.00
7.520 225.60 350.00 0.00
7.530 225.90 350.00 0.00
7.540 226.20 350.00 0.00
7.550 226.50 350.00 0.00
7.560 226.80 350.00 0.00
7.570 227.10 350.00 0.00
7.580 227.40 350.00 0.00
7.590 227.70 350.00 0.00
7.600 228.00 350.00 0.00
7.610 228.30 350.00 0.00
7.620 228.60 350.00 0.00
7.630 228.90 350.00 0.00
7.640 229.20 350.00 0.00
7.650 229.50 350.00 0.00
7.660 229.80 350.00 0.00
7.670 230.10 350.00 0.00
7.680 230.40 350.00 0.00
7.690 230.70 350.00 0.00
7.700 231.00 350.00 0.00
7.710 231.30 350.00 0.00
7.720 231.60 350.00 0.00
7.730 231.90 350.00 0.00
7.740 232.20 350.00 0.00
7.750 232.50 350.00 0.00
7.760 232.80 350.00 0.00
7.770 233.10 350.00 0.00
7.780 233.40 350.00 0.00
7.790 233.70 350.00 0.00
7.800 234.00 350.00 0.00
7.810 234.30 350.00 0.00
7.820 234.60 350.00 0.00
7.830 234.90 350.00 0.00
7.840 235.20 350.00 0.00
7.850 235.50 350.00 0.00
7.860 235.80 350.00 0.00
7.870 236.10 350.00 0.00
7.880 236.40 350.00 0.00
7.890 236.70 350.00 0.00
7.900 237.00 350.00 0.00
7.910 237.30 350.00 0.00
7.920 237.60 350.00 0.00
7.930 237.90 350.00 0.00
7.940 238.20 350.00 0.00
7.950 238.50 350.00 0.00
7.960 238.80 350.00 0.00
7.970 239.10 350.00 0.00
7.980 239.40 350.00 0.00
7.990 239.70 350.00 0.00
8.000 240.00 350.00 0.00
8.010 240.30 350.00 0.00
8.020 240.60 350.00 0.00
8.030 240.90 350.00 0.00
8.040 241.20 350.00 0.00
8.050 241.50 350.00 0.00
8.060 241.80 350.00 0.00
8.070 242.10 350.00 0.00
8.080 242.40 350.00 0.00
8.090 242.70 350.00 0.00
8.100 243.00 350.00 0.00
8.110 243.30 350.00 0.00
8.120 243.60 350.00 0.00
8.130 243.90 350.00 0.00
8.140 244.20 350.00 0.00
8.150 244.50 350.00 0.00
8.160 244.80 350.00 0.00
8.170 245.10 350.00 0.00
8.180 245.40 350.00 0.00
8.190 245.70 350.00 0.00
8.200 246.00 350.00 0.00
8.210 246.30 350.00 0.00
8.220 246.60 350.00 0.00
8.230 246.90 350.00 0.00
8.240 247.20 350.00 0.00
8.250 247.50 350.00 0.00
8.260 247.80 350.00 0.00
8.270 248.10 350.00 0.00
8.280 248.40 350.00 0.00
8.290 248.70 350.00 0.00
8.300 249.00 350.00 0.00
8.310 249.30 350.00 0.00
8.320 249.60 350.00 0.00
8.330 249.90 350.00 0.00
8.340 250.20 350.00 0.00
8.350 250.50 350.00 0.00
8.360 250.80 350.00 0.00
8.370 251.10 350.00 0.00
8.380 251.40 350.00 0.00
8.390 251.70 350.00 0.00
8.400 252.00 350.00 0.00
8.410 252.30 350.00 0.00
8.420 252.60 350.00 0.00
8.430 252.90 350.00 0.00
8.440 253.20 350.00 0.00
8.450 253.50 350.00 0.00
8.460 253.80 350.00 0.00
8.470 254.10 350.00 0.00
8.480 254.40 350.00 0.00
8.490 254.70 350.00 0.00
8.500 255.00 350.00 0.00
8.510 255.30 350.00 0.00
8.520 255.60 350.00 0.00
8.530 255.90 350.00 0.00
8.540 256.20 350.00 0.00
8.550 256.50 350.00 0.00
8.560 256.80 350.00 0.00
8.570 257.10 350.00 0.00
8.580 257.40 350.00 0.00
8.590 257.70 350.00 0.00
8.600 258.00 350.00 0.00
8.610 258.30 350.00 0.00
8.620 258.60 350.00 0.00
8.630 258.90 350.00 0.00
8.640 259.20 350.00 0.00
8.650 259.50 350.00 0.00
8.660 259.80 350.00 0.00
8.670 260.10 350.00 0.00
8.680 260.40 350.00 0.00
8.690 260.70 350.00 0.00
8.700 261.00 350.00 0.00
8.710 261.30 350.00 0.00
8.720 261.60 350.00 0.00
8.730 261.90 350.00 0.00
8.740 262.20 350.00 0.00
8.750 262.50 350.00 0.00
8.760 262.80 350.00 0.00
8.770 263.10 350.00 0.00
8.780 263.40 350.00 0.00
8.790 263.70 350.00 0.00
8.800 264.00 350.00 0.00
8.810 264.30 350.00 0.00
8.820 264.60 350.00 0.00
8.830 264.90 350.00 0.00
8.840 265.20 350.00 0.00
8.850 265.50 350.00 0.00
8.860 265.80 350.00 0.00
8.870 266.10 350.00 0.00
8.880 266.40 350.00 0.00
8.890 266.70 350.00 0.00
8.900 267.00 350.00 0.00
8.910 267.30 350.00 0.00
8.920 267.60 350.00 0.00
8.930 267.90 350.00 0.00
8.940 268.20 350.00 0.00
8.950 268.50 350.00 0.00
8.960 268.80 350.00 0.00
8.970 269.10 350.00 0.00
8.980 269.40 350.00 0.00
8.990 269.70 350.00 0.00
9.000 270.00 350.00 0.00
9.010 270.30 350.00 0.00
9.020 270.60 350.00 0.00
9.030 270.90 350.00 0.00
9.040 271.20 350.00 0.00
9.050 271.50 350.00 0.00
9.060 271.80 350.00 0.00
9.070 272.10 350.00 0.00
9.080 272.40 350.00 0.00
9.090 272.70 350.00 0.00
9.100 273.00 350.00 0.00
9.110 273.30 350.00 0.00
9.120 273.60 350.00 0.00
9.130 273.90 350.00 0.00
9.140 274.20 350.00 0.00
9.150 274.50 350.00 0.00
9.160 274.80 350.00 0.00
9.170 275.10 350.00 0.00
9.180 275.40 350.00 0.00
9.190 275.70 350.00 0.00
9.200 276.00 350.00 0.00
9.210 276.30 350.00 0.00
9.220 276.60 350.00 0.00
9.230 276.90 350.00 0.00
9.240 277.20 350.00 0.00
9.250 277.50 350.00 0.00
9.260 277.80 350.00 0.00
9.270 278.10 350.00 0.00
9.280 278.40 350.00 0.00
9.290 278.70 350.00 0.00
9.300 279.00 350.00 0.00
9.310 279.30 350.00 0.00
9.320 279.60 350.00 0.00
9.330 279.90 350.00 0.00
9.340 280.20 350.00 0.00
9.350 280.50 350.00 0.00
9.360 280.80 350.00 0.00
9.370 281.10 350.00 0.00
9.380 281.40 350.00 0.00
9.390 281.70 350.00 0.00
9.400 282.00 350.00 0.00
9.410 282.30 350.00 0.00
9.420 282.60 350.00 0.00
9.430 282.90 350.00 0.00
9.440 283.20 350.00 0.00
9.450 283.50 350.00 0.00
9.460 283.80 350.00 0.00
9.470 284.10 350.00 0.00
9.480 284.40 350.00 0.00
9.490 284.70 350.00 0.00
9.500 285.00 350.00 0.00
9.510 285.30 350.00 0.00
9.520 285.60 350.00 0.00
9.530 285.90 350.00 0.00
9.540 286.20 350.00 0.00
9.550 286.50 350.00 0.00
9.560 286.80 350.00 0.00
9.570 287.10 350.00 0.00
9.580 287.40 350.00 0.00
9.590 287.70 350.00 0.00
9.600 288.00 350.00 0.00
9.610 288.30 350.00 0.00
9.620 288.60 350.00 0.00
9.630 288.90 350.00 0.00
9.640 289.20 350.00 0.00
9.650 289.50 350.00 0.00
9.660 289.80 350.00 0.00
9.670 290.10 350.00 0.00
9.680 290.40 350.00 0.00
9.690 290.70 350.00 0.00
9.700 291.00 350.00 0.00
9.710 291.30 350.00 0.00
9.720 291.60 350.00 0.00
9.730 291.90 350.00 0.00
9.740 292.20 350.00 0.00
9.750 292.50 350.00 0.00
9.760 292.80 350.00 0.00
9.770 293.10 350.00 0.00
9.780 293.40 350.00 0.00
9.790 293.70 350.00 0.00
9.800 294.00 350.00 0.00
9.810 294.30 350.00 0.00
9.820 294.60 350.00 0.00
9.830 294.90 350.00 0.00
9.840 295.20 350.00 0.00
9.850 295.50 350.00 0.00
9.860 295.80 350.00 0.00
9.870 296.10 350.00 0.00
9.880 296.40 350.00 0.00
9.890 296.70 350.00 0.00
9.900 297.00 350.00 0.00
9.910 297.30 350.00 0.00
9.920 297.60 350.00 0.00
9.930 297.90 350.00 0.00
9.940 298.20 350.00 0.00
9.950 298.50 350.00 0.00
9.960 298.80 350.00 0.00
9.970 299.10 350.00 0.00
9.980 299.40 350.00 0.00
9.990 299.70 350.00 0.00
10.000 300.00 350.00 0.00
