0.010 0.30 350.00 0.00
0.020 0.60 350.00 0.00
0.030 0.90 350.00 0.00
0.040 1.20 350.00 0.00
0.050 1.50 350.00 0.00
0.060 1.80 350.00 0.00
0.070 2.10 350.00 0.00
0.080 2.40 350.00 0.00
0.090 2.70 350.00 0.00
0.100 3.00 350.00 0.00
0.110 3.30 350.00 0.00
0.120 3.60 350.00 0.00
0.130 3.90 350.00 0.00
0.140 4.20 350.00 0.00
0.150 4.50 350.00 0.00
0.160 4.80 350.00 0.00
0.170 5.10 350.00 0.00
0.180 5.40 350.00 0.00
0.190 5.70 350.00 0.00
0.200 6.00 350.00 0.00
0.210 6.30 350.00 0.00
0.220 6.60 350.00 0.00
0.230 6.90 350.00 0.00
0.240 7.20 350.00 0.00
0.250 7.50 350.00 0.00
0.260 7.80 350.00 0.00
0.270 8.10 350.00 0.00
0.280 8.40 350.00 0.00
0.290 8.70 350.00 0.00
0.300 9.00 350.00 0.00
0.310 9.30 350.00 0.00
0.320 9.60 350.00 0.00
0.330 9.90 350.00 0.00
0.340 10.20 350.00 0.00
0.350 10.50 350.00 0.00
0.360 10.80 350.00 0.00
0.370 11.10 350.00 0.00
0.380 11.40 350.00 0.00
0.390 11.70 350.00 0.00
0.400 12.00 350.00 0.00
0.410 12.30 350.00 0.00
0.420 12.60 350.00 0.00
0.430 12.90 350.00 0.00
0.440 13.20 350.00 0.00
0.450 13.50 350.00 0.00
0.460 13.80 350.00 0.00
0.470 14.10 350.00 0.00
0.480 14.40 350.00 0.00
0.490 14.70 350.00 0.00
0.500 15.00 350.00 0.00
0.510 15.30 350.00 0.00
0.520 15.60 350.00 0.00
0.530 15.90 350.00 0.00
0.540 16.20 350.00 0.00
0.550 16.50 350.00 0.00
0.560 16.80 350.00 0.00
0.570 17.10 350.00 0.00
0.580 17.40 350.00 0.00
0.590 17.70 350.00 0.00
0.600 18.00 350.00 0.00
0.610 18.30 350.00 0.00
0.620 18.60 350.00 0.00
0.630 18.90 350.00 0.00
0.640 19.20 350.00 0.00
0.650 19.50 350.00 0.00
0.660 19.80 350.00 0.00
0.670 20.10 350.00 0.00
0.680 20.40 350.00 0.00
0.690 20.70 350.00 0.00
0.700 21.00 350.00 0.00
0.710 21.30 350.00 0.00
0.720 21.60 350.00 0.00
0.730 21.90 350.00 0.00
0.740 22.20 350.00 0.00
0.750 22.50 350.00 0.00
0.760 22.80 350.00 0.00
0.770 23.10 350.00 0.00
0.780 23.40 350.00 0.00
0.790 23.70 350.00 0.00
0.800 24.00 350.00 0.00
0.810 24.30 350.00 0.00
0.820 24.60 350.00 0.00
0.830 24.90 350.00 0.00
0.840 25.20 350.00 0.00
0.850 25.50 350.00 0.00
0.860 25.80 350.00 0.00
0.870 26.10 350.00 0.00
0.880 26.40 350.00 0.00
0.890 26.70 350.00 0.00
0.900 27.00 350.00 0.00
0.910 27.30 350.00 0.00
0.920 27.60 350.00 0.00
0.930 27.90 350.00 0.00
0.940 28.20 350.00 0.00
0.950 28.50 350.00 0.00
0.960 28.80 350.00 0.00
0.970 29.10 350.00 0.00
0.980 29.40 350.00 0.00
0.990 29.70 350.00 0.00
1.000 30.00 350.00 0.00
1.010 30.30 350.00 0.00
1.020 30.60 350.00 0.00
1.030 30.90 350.00 0.00
1.040 31.20 350.00 0.00
1.050 31.50 350.00 0.00
1.060 31.80 350.00 0.00
1.070 32.10 350.00 0.00
1.080 32.40 350.00 0.00
1.090 32.70 350.00 0.00
1.100 33.00 350.00 0.00
1.110 33.30 350.00 0.00
1.120 33.60 350.00 0.00
1.130 33.90 350.00 0.00
1.140 34.20 350.00 0.00
1.150 34.50 350.00 0.00
1.160 34.80 350.00 0.00
1.170 35.10 350.00 0.00
1.180 35.40 350.00 0.00
1.190 35.70 350.00 0.00
1.200 36.00 350.00 0.00
1.210 36.30 350.00 0.00
1.220 36.60 350.00 0.00
1.230 36.90 350.00 0.00
1.240 37.20 350.00 0.00
1.250 37.50 350.00 0.00
1.260 37.80 350.00 0.00
1.270 38.10 350.00 0.00
1.280 38.40 350.00 0.00
1.290 38.70 350.00 0.00
1.300 39.00 350.00 0.00
1.310 39.30 350.00 0.00
1.320 39.60 350.00 0.00
1.330 39.90 350.00 0.00
1.340 40.20 350.00 0.00
1.350 40.50 350.00 0.00
1.360 40.80 350.00 0.00
1.370 41.10 350.00 0.00
1.380 41.40 350.00 0.00
1.390 41.70 350.00 0.00
1.400 42.00 350.00 0.00
1.410 42.30 350.00 0.00
1.420 42.60 350.00 0.00
1.430 42.90 350.00 0.00
1.440 43.20 350.00 0.00
1.450 43.50 350.00 0.00
1.460 43.80 350.00 0.00
1.470 44.10 350.00 0.00
1.480 44.40 350.00 0.00
1.490 44.70 350.00 0.00
1.500 45.00 350.00 0.00
1.510 45.30 350.00 0.00
1.520 45.60 350.00 0.00
1.530 45.90 350.00 0.00
1.540 46.20 350.00 0.00
1.550 46.50 350.00 0.00
1.560 46.80 350.00 0.00
1.570 47.10 350.00 0.00
1.580 47.40 350.00 0.00
1.590 47.70 350.00 0.00
1.600 48.00 350.00 0.00
1.610 48.30 350.00 0.00
1.620 48.60 350.00 0.00
1.630 48.90 350.00 0.00
1.640 49.20 350.00 0.00
1.650 49.50 350.00 0.00
1.660 49.80 350.00 0.00
1.670 50.10 350.00 0.00
1.680 50.40 350.00 0.00
1.690 50.70 350.00 0.00
1.700 51.00 350.00 0.00
1.710 51.30 350.00 0.00
1.720 51.60 350.00 0.00
1.730 51.90 350.00 0.00
1.740 52.20 350.00 0.00
1.750 52.50 350.00 0.00
1.760 52.80 350.00 0.00
1.770 53.10 350.00 0.00
1.780 53.40 350.00 0.00
1.790 53.70 350.00 0.00
1.800 54.00 350.00 0.00
1.810 54.30 350.00 0.00
1.820 54.60 350.00 0.00
1.830 54.90 350.00 0.00
1.840 55.20 350.00 0.00
1.850 55.50 350.00 0.00
1.860 55.80 350.00 0.00
1.870 56.10 350.00 0.00
1.880 56.40 350.00 0.00
1.890 56.70 350.00 0.00
1.900 57.00 350.00 0.00
1.910 57.30 350.00 0.00
1.920 57.60 350.00 0.00
1.930 57.90 350.00 0.00
1.940 58.20 350.00 0.00
1.950 58.50 350.00 0.00
1.960 58.80 350.00 0.00
1.970 59.10 350.00 0.00
1.980 59.40 350.00 0.00
1.990 59.70 350.00 0.00
2.000 60.00 350.00 0.00
2.010 60.30 350.00 -0.17
2.020 60.60 350.00 -0.34
2.030 60.90 349.99 -0.52
2.040 61.20 349.99 -0.69
2.050 61.50 349.99 -0.86
2.060 61.80 349.98 -1.03
2.070 62.10 349.97 -1.20
2.080 62.40 349.97 -1.38
2.090 62.70 349.96 -1.55
2.100 63.00 349.95 -1.72
2.110 63.30 349.94 -1.89
2.120 63.60 349.93 -2.06
2.130 63.90 349.92 -2.23
2.140 64.20 349.91 -2.41
2.150 64.50 349.89 -2.58
2.160 64.80 349.88 -2.75
2.170 65.10 349.86 -2.92
2.180 65.40 349.85 -3.09
2.190 65.70 349.83 -3.27
2.200 66.00 349.81 -3.44
2.210 66.30 349.79 -3.61
2.220 66.60 349.77 -3.78
2.230 66.89 349.75 -3.95
2.240 67.19 349.73 -4.13
2.250 67.49 349.71 -4.30
2.260 67.79 349.68 -4.47
2.270 68.09 349.66 -4.64
2.280 68.39 349.63 -4.81
2.290 68.69 349.61 -4.98
2.300 68.99 349.58 -5.16
2.310 69.29 349.55 -5.33
2.320 69.59 349.53 -5.50
2.330 69.88 349.50 -5.67
2.340 70.18 349.46 -5.84
2.350 70.48 349.43 -6.02
2.360 70.78 349.40 -6.19
2.370 71.08 349.37 -6.36
2.380 71.38 349.33 -6.53
2.390 71.67 349.30 -6.70
2.400 71.97 349.26 -6.87
2.410 72.27 349.23 -7.05
2.420 72.57 349.19 -7.22
2.430 72.86 349.15 -7.39
2.440 73.16 349.11 -7.56
2.450 73.46 349.07 -7.73
2.460 73.76 349.03 -7.91
2.470 74.05 348.99 -8.08
2.480 74.35 348.94 -8.25
2.490 74.65 348.90 -8.42
2.500 74.94 348.85 -8.59
2.510 75.24 348.81 -8.77
2.520 75.54 348.76 -8.94
2.530 75.83 348.71 -9.11
2.540 76.13 348.67 -9.28
2.550 76.43 348.62 -9.45
2.560 76.72 348.57 -9.62
2.570 77.02 348.52 -9.80
2.580 77.31 348.46 -9.97
2.590 77.61 348.41 -10.14
2.600 77.90 348.36 -10.31
2.610 78.20 348.30 -10.48
2.620 78.49 348.25 -10.66
2.630 78.79 348.19 -10.83
2.640 79.08 348.13 -11.00
2.650 79.38 348.08 -11.17
2.660 79.67 348.02 -11.34
2.670 79.96 347.96 -11.51
2.680 80.26 347.90 -11.69
2.690 80.55 347.83 -11.86
2.700 80.85 347.77 -12.03
2.710 81.14 347.71 -12.20
2.720 81.43 347.64 -12.37
2.730 81.73 347.58 -12.55
2.740 82.02 347.51 -12.72
2.750 82.31 347.45 -12.89
2.760 82.60 347.38 -13.06
2.770 82.90 347.31 -13.23
2.780 83.19 347.24 -13.40
2.790 83.48 347.17 -13.58
2.800 83.77 347.10 -13.75
2.810 84.06 347.03 -13.92
2.820 84.35 346.95 -14.09
2.830 84.64 346.88 -14.26
2.840 84.93 346.80 -14.44
2.850 85.22 346.73 -14.61
2.860 85.51 346.65 -14.78
2.870 85.80 346.57 -14.95
2.880 86.09 346.50 -15.12
2.890 86.38 346.42 -15.29
2.900 86.67 346.34 -15.47
2.910 86.96 346.26 -15.64
2.920 87.25 346.17 -15.81
2.930 87.54 346.09 -15.98
2.940 87.83 346.01 -16.15
2.950 88.12 345.92 -16.33
2.960 88.40 345.84 -16.50
2.970 88.69 345.75 -16.67
2.980 88.98 345.67 -16.84
2.990 89.27 345.58 -17.01
3.000 89.55 345.49 -17.18
3.010 89.84 345.40 -17.36
3.020 90.12 345.31 -17.53
3.030 90.41 345.22 -17.70
3.040 90.70 345.13 -17.87
3.050 90.98 345.03 -18.04
3.060 91.27 344.94 -18.22
3.070 91.55 344.84 -18.39
3.080 91.84 344.75 -18.56
3.090 92.12 344.65 -18.73
3.100 92.40 344.55 -18.90
3.110 92.69 344.46 -19.07
3.120 92.97 344.36 -19.25
3.130 93.25 344.26 -19.42
3.140 93.54 344.16 -19.59
3.150 93.82 344.06 -19.76
3.160 94.10 343.95 -19.93
3.170 94.38 343.85 -20.11
3.180 94.67 343.75 -20.28
3.190 94.95 343.64 -20.45
3.200 95.23 343.54 -20.62
3.210 95.51 343.43 -20.79
3.220 95.79 343.32 -20.96
3.230 96.07 343.21 -21.14
3.240 96.35 343.10 -21.31
3.250 96.63 342.99 -21.48
3.260 96.91 342.88 -21.65
3.270 97.19 342.77 -21.82
3.280 97.46 342.66 -22.00
3.290 97.74 342.55 -22.17
3.300 98.02 342.43 -22.34
3.310 98.30 342.32 -22.51
3.320 98.57 342.20 -22.68
3.330 98.85 342.09 -22.85
3.340 99.13 341.97 -23.03
3.350 99.40 341.85 -23.20
3.360 99.68 341.73 -23.37
3.370 99.95 341.61 -23.54
3.380 100.23 341.49 -23.71
3.390 100.50 341.37 -23.88
3.400 100.78 341.25 -24.06
3.410 101.05 341.12 -24.23
3.420 101.32 341.00 -24.40
3.430 101.60 340.87 -24.57
3.440 101.87 340.75 -24.74
3.450 102.14 340.62 -24.92
3.460 102.41 340.49 -25.09
3.470 102.68 340.37 -25.26
3.480 102.96 340.24 -25.43
3.490 103.23 340.11 -25.60
3.500 103.50 339.98 -25.77
3.510 103.77 339.85 -25.95
3.520 104.04 339.71 -26.12
3.530 104.31 339.58 -26.29
3.540 104.57 339.45 -26.46
3.550 104.84 339.31 -26.63
3.560 105.11 339.18 -26.80
3.570 105.38 339.04 -26.98
3.580 105.65 338.90 -27.15
3.590 105.91 338.77 -27.32
3.600 106.18 338.63 -27.49
3.610 106.44 338.49 -27.66
3.620 106.71 338.35 -27.84
3.630 106.97 338.21 -28.01
3.640 107.24 338.07 -28.18
3.650 107.50 337.92 -28.35
3.660 107.77 337.78 -28.52
3.670 108.03 337.63 -28.69
3.680 108.29 337.49 -28.87
3.690 108.56 337.34 -29.04
3.700 108.82 337.20 -29.21
3.710 109.08 337.05 -29.38
3.720 109.34 336.90 -29.55
3.730 109.60 336.75 -29.72
3.740 109.86 336.60 -29.90
3.750 110.12 336.45 -30.07
3.760 110.38 336.30 -30.24
3.770 110.64 336.15 -30.41
3.780 110.90 336.00 -30.58
3.790 111.16 335.84 -30.76
3.800 111.41 335.69 -30.93
3.810 111.67 335.53 -31.10
3.820 111.93 335.38 -31.27
3.830 112.18 335.22 -31.44
3.840 112.44 335.06 -31.61
3.850 112.69 334.91 -31.79
3.860 112.95 334.75 -31.96
3.870 113.20 334.59 -32.13
3.880 113.46 334.43 -32.30
3.890 113.71 334.27 -32.47
3.900 113.96 334.10 -32.64
3.910 114.22 333.94 -32.82
3.920 114.47 333.78 -32.99
3.930 114.72 333.61 -33.16
3.940 114.97 333.45 -33.33
3.950 115.22 333.28 -33.50
3.960 115.47 333.12 -33.68
3.970 115.72 332.95 -33.85
3.980 115.97 332.78 -34.02
3.990 116.22 332.61 -34.19
4.000 116.47 332.44 -34.36
4.010 116.71 332.27 -34.53
4.020 116.96 332.10 -34.71
4.030 117.21 331.93 -34.88
4.040 117.45 331.76 -35.05
4.050 117.70 331.58 -35.22
4.060 117.94 331.41 -35.39
4.070 118.19 331.24 -35.56
4.080 118.43 331.06 -35.74
4.090 118.67 330.88 -35.91
4.100 118.92 330.71 -36.08
4.110 119.16 330.53 -36.25
4.120 119.40 330.35 -36.42
4.130 119.64 330.17 -36.59
4.140 119.88 329.99 -36.77
4.150 120.12 329.81 -36.94
4.160 120.36 329.63 -37.11
4.170 120.60 329.45 -37.28
4.180 120.84 329.27 -37.45
4.190 121.08 329.08 -37.62
4.200 121.31 328.90 -37.80
4.210 121.55 328.72 -37.97
4.220 121.79 328.53 -38.14
4.230 122.02 328.34 -38.31
4.240 122.26 328.16 -38.48
4.250 122.49 327.97 -38.66
4.260 122.72 327.78 -38.83
4.270 122.96 327.59 -39.00
4.280 123.19 327.40 -39.17
4.290 123.42 327.21 -39.34
4.300 123.66 327.02 -39.51
4.310 123.89 326.83 -39.69
4.320 124.12 326.64 -39.86
4.330 124.35 326.44 -40.03
4.340 124.58 326.25 -40.20
4.350 124.80 326.05 -40.37
4.360 125.03 325.86 -40.54
4.370 125.26 325.66 -40.72
4.380 125.49 325.47 -40.89
4.390 125.71 325.27 -41.06
4.400 125.94 325.07 -41.23
4.410 126.17 324.87 -41.40
4.420 126.39 324.67 -41.57
4.430 126.61 324.47 -41.75
4.440 126.84 324.27 -41.92
4.450 127.06 324.07 -42.09
4.460 127.28 323.87 -42.26
4.470 127.50 323.67 -42.43
4.480 127.73 323.46 -42.60
4.490 127.95 323.26 -42.78
4.500 128.17 323.06 -42.95
4.510 128.38 322.85 -43.12
4.520 128.60 322.64 -43.29
4.530 128.82 322.44 -43.46
4.540 129.04 322.23 -43.63
4.550 129.26 322.02 -43.81
4.560 129.47 321.81 -43.98
4.570 129.69 321.60 -44.15
4.580 129.90 321.39 -44.32
4.590 130.12 321.18 -44.49
4.600 130.33 320.97 -44.66
4.610 130.54 320.76 -44.84
4.620 130.76 320.55 -45.01
4.630 130.97 320.34 -45.18
4.640 131.18 320.12 -45.35
4.650 131.39 319.91 -45.52
4.660 131.60 319.69 -45.69
4.670 131.81 319.48 -45.87
4.680 132.02 319.26 -46.04
4.690 132.22 319.04 -46.21
4.700 132.43 318.83 -46.38
4.710 132.64 318.61 -46.55
4.720 132.84 318.39 -46.72
4.730 133.05 318.17 -46.90
4.740 133.25 317.95 -47.07
4.750 133.46 317.73 -47.24
4.760 133.66 317.51 -47.41
4.770 133.86 317.29 -47.58
4.780 134.07 317.07 -47.75
4.790 134.27 316.84 -47.93
4.800 134.47 316.62 -48.10
4.810 134.67 316.39 -48.27
4.820 134.87 316.17 -48.44
4.830 135.06 315.94 -48.61
4.840 135.26 315.72 -48.78
4.850 135.46 315.49 -48.96
4.860 135.66 315.26 -49.13
4.870 135.85 315.04 -49.30
4.880 136.05 314.81 -49.47
4.890 136.24 314.58 -49.64
4.900 136.44 314.35 -49.81
4.910 136.63 314.12 -49.99
4.920 136.82 313.89 -50.16
4.930 137.01 313.66 -50.33
4.940 137.20 313.43 -50.50
4.950 137.39 313.19 -50.67
4.960 137.58 312.96 -50.84
4.970 137.77 312.73 -51.02
4.980 137.96 312.49 -51.19
4.990 138.15 312.26 -51.36
5.000 138.34 312.02 -51.53
5.010 138.52 311.79 -51.70
5.020 138.71 311.55 -51.87
5.030 138.89 311.31 -52.05
5.040 139.08 311.08 -52.22
5.050 139.26 310.84 -52.39
5.060 139.44 310.60 -52.56
5.070 139.62 310.36 -52.73
5.080 139.81 310.12 -52.90
5.090 139.99 309.88 -53.08
5.100 140.17 309.64 -53.25
5.110 140.35 309.40 -53.42
5.120 140.52 309.16 -53.59
5.130 140.70 308.92 -53.76
5.140 140.88 308.67 -53.93
5.150 141.05 308.43 -54.11
5.160 141.23 308.19 -54.28
5.170 141.40 307.94 -54.45
5.180 141.58 307.70 -54.62
5.190 141.75 307.45 -54.79
5.200 141.92 307.21 -54.96
5.210 142.10 306.96 -55.14
5.220 142.27 306.71 -55.31
5.230 142.44 306.46 -55.48
5.240 142.61 306.22 -55.65
5.250 142.77 305.97 -55.82
5.260 142.94 305.72 -55.99
5.270 143.11 305.47 -56.17
5.280 143.28 305.22 -56.34
5.290 143.44 304.97 -56.51
5.300 143.61 304.72 -56.68
5.310 143.77 304.47 -56.85
5.320 143.94 304.21 -57.02
5.330 144.10 303.96 -57.20
5.340 144.26 303.71 -57.37
5.350 144.42 303.45 -57.54
5.360 144.58 303.20 -57.71
5.370 144.74 302.95 -57.88
5.380 144.90 302.69 -58.05
5.390 145.06 302.44 -58.23
5.400 145.22 302.18 -58.40
5.410 145.37 301.92 -58.57
5.420 145.53 301.67 -58.74
5.430 145.68 301.41 -58.91
5.440 145.84 301.15 -59.08
5.450 145.99 300.89 -59.26
5.460 146.14 300.63 -59.43
5.470 146.30 300.38 -59.60
5.480 146.45 300.12 -59.77
5.490 146.60 299.86 -59.94
5.500 146.75 299.60 -60.11
5.510 146.90 299.33 -60.28
5.520 147.05 299.07 -60.46
5.530 147.19 298.81 -60.63
5.540 147.34 298.55 -60.80
5.550 147.49 298.29 -60.97
5.560 147.63 298.02 -61.14
5.570 147.77 297.76 -61.31
5.580 147.92 297.50 -61.49
5.590 148.06 297.23 -61.66
5.600 148.20 296.97 -61.83
5.610 148.34 296.70 -62.00
5.620 148.48 296.43 -62.17
5.630 148.62 296.17 -62.34
5.640 148.76 295.90 -62.52
5.650 148.90 295.63 -62.69
5.660 149.04 295.37 -62.86
5.670 149.17 295.10 -63.03
5.680 149.31 294.83 -63.20
5.690 149.44 294.56 -63.37
5.700 149.58 294.29 -63.55
5.710 149.71 294.02 -63.72
5.720 149.84 293.75 -63.89
5.730 149.97 293.48 -64.06
5.740 150.10 293.21 -64.23
5.750 150.23 292.94 -64.40
5.760 150.36 292.67 -64.58
5.770 150.49 292.40 -64.75
5.780 150.62 292.13 -64.92
5.790 150.75 291.85 -65.09
5.800 150.87 291.58 -65.26
5.810 151.00 291.31 -65.43
5.820 151.12 291.03 -65.60
5.830 151.24 290.76 -65.78
5.840 151.37 290.49 -65.95
5.850 151.49 290.21 -66.12
5.860 151.61 289.94 -66.29
5.870 151.73 289.66 -66.46
5.880 151.85 289.39 -66.63
5.890 151.97 289.11 -66.81
5.900 152.08 288.83 -66.98
5.910 152.20 288.56 -67.15
5.920 152.32 288.28 -67.32
5.930 152.43 288.00 -67.49
5.940 152.55 287.72 -67.66
5.950 152.66 287.44 -67.84
5.960 152.77 287.17 -68.01
5.970 152.88 286.89 -68.18
5.980 152.99 286.61 -68.35
5.990 153.10 286.33 -68.52
6.000 153.21 286.05 -68.69
6.010 153.32 285.77 -68.86
6.020 153.43 285.49 -69.04
6.030 153.54 285.21 -69.21
6.040 153.64 284.92 -69.38
6.050 153.75 284.64 -69.55
6.060 153.85 284.36 -69.72
6.070 153.95 284.08 -69.89
6.080 154.06 283.80 -70.07
6.090 154.16 283.51 -70.24
6.100 154.26 283.23 -70.41
6.110 154.36 282.95 -70.58
6.120 154.46 282.66 -70.75
6.130 154.56 282.38 -70.92
6.140 154.65 282.09 -71.10
6.150 154.75 281.81 -71.27
6.160 154.85 281.52 -71.44
6.170 154.94 281.24 -71.61
6.180 155.03 280.95 -71.78
6.190 155.13 280.67 -71.95
6.200 155.22 280.38 -72.12
6.210 155.31 280.10 -72.30
6.220 155.40 279.81 -72.47
6.230 155.49 279.52 -72.64
6.240 155.58 279.24 -72.81
6.250 155.67 278.95 -72.98
6.260 155.76 278.66 -73.15
6.270 155.84 278.37 -73.33
6.280 155.93 278.08 -73.50
6.290 156.01 277.80 -73.67
6.300 156.10 277.51 -73.84
6.310 156.18 277.22 -74.01
6.320 156.26 276.93 -74.18
6.330 156.34 276.64 -74.35
6.340 156.42 276.35 -74.53
6.350 156.50 276.06 -74.70
6.360 156.58 275.77 -74.87
6.370 156.66 275.48 -75.04
6.380 156.73 275.19 -75.21
6.390 156.81 274.90 -75.38
6.400 156.88 274.61 -75.56
6.410 156.96 274.32 -75.73
6.420 157.03 274.02 -75.90
6.430 157.10 273.73 -76.07
6.440 157.18 273.44 -76.24
6.450 157.25 273.15 -76.41
6.460 157.32 272.86 -76.58
6.470 157.38 272.56 -76.76
6.480 157.45 272.27 -76.93
6.490 157.52 271.98 -77.10
6.500 157.59 271.68 -77.27
6.510 157.65 271.39 -77.44
6.520 157.72 271.10 -77.61
6.530 157.78 270.80 -77.79
6.540 157.84 270.51 -77.96
6.550 157.90 270.21 -78.13
6.560 157.97 269.92 -78.30
6.570 158.03 269.63 -78.47
6.580 158.08 269.33 -78.64
6.590 158.14 269.04 -78.81
6.600 158.20 268.74 -78.99
6.610 158.26 268.45 -79.16
6.620 158.31 268.15 -79.33
6.630 158.37 267.85 -79.50
6.640 158.42 267.56 -79.67
6.650 158.47 267.26 -79.84
6.660 158.53 266.97 -80.02
6.670 158.58 266.67 -80.19
6.680 158.63 266.37 -80.36
6.690 158.68 266.08 -80.53
6.700 158.73 265.78 -80.70
6.710 158.77 265.48 -80.87
6.720 158.82 265.19 -81.04
6.730 158.87 264.89 -81.22
6.740 158.91 264.59 -81.39
6.750 158.96 264.30 -81.56
6.760 159.00 264.00 -81.73
6.770 159.04 263.70 -81.90
6.780 159.08 263.40 -82.07
6.790 159.12 263.10 -82.25
6.800 159.16 262.81 -82.42
6.810 159.20 262.51 -82.59
6.820 159.24 262.21 -82.76
6.830 159.28 261.91 -82.93
6.840 159.31 261.61 -83.10
6.850 159.35 261.31 -83.27
6.860 159.38 261.02 -83.45
6.870 159.42 260.72 -83.62
6.880 159.45 260.42 -83.79
6.890 159.48 260.12 -83.96
6.900 159.51 259.82 -84.13
6.910 159.54 259.52 -84.30
6.920 159.57 259.22 -84.48
6.930 159.60 258.92 -84.65
6.940 159.62 258.62 -84.82
6.950 159.65 258.32 -84.99
6.960 159.68 258.02 -85.16
6.970 159.70 257.72 -85.33
6.980 159.72 257.42 -85.50
6.990 159.75 257.12 -85.68
7.000 159.77 256.82 -85.85
7.010 159.79 256.52 -86.02
7.020 159.81 256.22 -86.19
7.030 159.83 255.92 -86.36
7.040 159.85 255.62 -86.53
7.050 159.86 255.32 -86.70
7.060 159.88 255.02 -86.88
7.070 159.90 254.72 -87.05
7.080 159.91 254.42 -87.22
7.090 159.92 254.12 -87.39
7.100 159.94 253.82 -87.56
7.110 159.95 253.52 -87.73
7.120 159.96 253.22 -87.91
7.130 159.97 252.92 -88.08
7.140 159.98 252.62 -88.25
7.150 159.99 252.32 -88.42
7.160 159.99 252.02 -88.59
7.170 160.00 251.72 -88.76
7.180 160.01 251.42 -88.93
7.190 160.01 251.12 -89.11
7.200 160.02 250.82 -89.28
7.210 160.02 250.52 -89.45
7.220 160.02 250.22 -89.62
7.230 160.02 249.92 -89.79
7.240 160.02 249.61 -89.96
7.250 160.02 249.31 -90.13
7.260 160.02 249.01 -90.31
7.270 160.02 248.71 -90.48
7.280 160.01 248.41 -90.65
7.290 160.01 248.11 -90.82
7.300 160.00 247.81 -90.99
7.310 160.00 247.51 -91.16
7.320 159.99 247.21 -91.33
7.330 159.98 246.91 -91.51
7.340 159.97 246.61 -91.68
7.350 159.96 246.31 -91.85
7.360 159.95 246.01 -92.02
7.370 159.94 245.71 -92.19
7.380 159.93 245.41 -92.36
7.390 159.92 245.11 -92.54
7.400 159.90 244.80 -92.71
7.410 159.89 244.50 -92.88
7.420 159.87 244.20 -93.05
7.430 159.85 243.90 -93.22
7.440 159.84 243.60 -93.39
7.450 159.82 243.30 -93.56
7.460 159.80 243.00 -93.74
7.470 159.78 242.70 -93.91
7.480 159.76 242.40 -94.08
7.490 159.73 242.10 -94.25
7.500 159.71 241.80 -94.42
7.510 159.69 241.50 -94.59
7.520 159.66 241.20 -94.76
7.530 159.64 240.90 -94.94
7.540 159.61 240.60 -95.11
7.550 159.58 240.31 -95.28
7.560 159.55 240.01 -95.45
7.570 159.52 239.71 -95.62
7.580 159.49 239.41 -95.79
7.590 159.46 239.11 -95.96
7.600 159.43 238.81 -96.14
7.610 159.40 238.51 -96.31
7.620 159.36 238.21 -96.48
7.630 159.33 237.91 -96.65
7.640 159.29 237.61 -96.82
7.650 159.26 237.32 -96.99
7.660 159.22 237.02 -97.16
7.670 159.18 236.72 -97.34
7.680 159.14 236.42 -97.51
7.690 159.10 236.12 -97.68
7.700 159.06 235.82 -97.85
7.710 159.02 235.53 -98.02
7.720 158.97 235.23 -98.19
7.730 158.93 234.93 -98.36
7.740 158.89 234.63 -98.54
7.750 158.84 234.34 -98.71
7.760 158.79 234.04 -98.88
7.770 158.75 233.74 -99.05
7.780 158.70 233.45 -99.22
7.790 158.65 233.15 -99.39
7.800 158.60 232.85 -99.56
7.810 158.55 232.56 -99.74
7.820 158.50 232.26 -99.91
7.830 158.44 231.96 -100.08
7.840 158.39 231.67 -100.25
7.850 158.34 231.37 -100.42
7.860 158.28 231.08 -100.59
7.870 158.22 230.78 -100.76
7.880 158.17 230.49 -100.94
7.890 158.11 230.19 -101.11
7.900 158.05 229.90 -101.28
7.910 157.99 229.60 -101.45
7.920 157.93 229.31 -101.62
7.930 157.87 229.01 -101.79
7.940 157.81 228.72 -101.96
7.950 157.74 228.42 -102.14
7.960 157.68 228.13 -102.31
7.970 157.61 227.84 -102.48
7.980 157.55 227.54 -102.65
7.990 157.48 227.25 -102.82
8.000 157.41 226.96 -102.99
8.010 157.35 226.66 -103.16
8.020 157.28 226.37 -103.34
8.030 157.21 226.08 -103.51
8.040 157.13 225.79 -103.68
8.050 157.06 225.49 -103.85
8.060 156.99 225.20 -104.02
8.070 156.92 224.91 -104.19
8.080 156.84 224.62 -104.36
8.090 156.77 224.33 -104.54
8.100 156.69 224.04 -104.71
8.110 156.61 223.75 -104.88
8.120 156.53 223.45 -105.05
8.130 156.46 223.16 -105.22
8.140 156.38 222.87 -105.39
8.150 156.29 222.58 -105.56
8.160 156.21 222.30 -105.74
8.170 156.13 222.01 -105.91
8.180 156.05 221.72 -106.08
8.190 155.96 221.43 -106.25
8.200 155.88 221.14 -106.42
8.210 155.79 220.85 -106.59
8.220 155.71 220.56 -106.76
8.230 155.62 220.28 -106.94
8.240 155.53 219.99 -107.11
8.250 155.44 219.70 -107.28
8.260 155.35 219.41 -107.45
8.270 155.26 219.13 -107.62
8.280 155.17 218.84 -107.79
8.290 155.07 218.55 -107.96
8.300 154.98 218.27 -108.14
8.310 154.89 217.98 -108.31
8.320 154.79 217.70 -108.48
8.330 154.69 217.41 -108.65
8.340 154.60 217.13 -108.82
8.350 154.50 216.84 -108.99
8.360 154.40 216.56 -109.16
8.370 154.30 216.27 -109.34
8.380 154.20 215.99 -109.51
8.390 154.10 215.71 -109.68
8.400 154.00 215.42 -109.85
8.410 153.89 215.14 -110.02
8.420 153.79 214.86 -110.19
8.430 153.69 214.58 -110.36
8.440 153.58 214.30 -110.54
8.450 153.47 214.01 -110.71
8.460 153.37 213.73 -110.88
8.470 153.26 213.45 -111.05
8.480 153.15 213.17 -111.22
8.490 153.04 212.89 -111.39
8.500 152.93 212.61 -111.56
8.510 152.82 212.33 -111.74
8.520 152.70 212.05 -111.91
8.530 152.59 211.77 -112.08
8.540 152.48 211.50 -112.25
8.550 152.36 211.22 -112.42
8.560 152.25 210.94 -112.59
8.570 152.13 210.66 -112.76
8.580 152.01 210.39 -112.93
8.590 151.90 210.11 -113.11
8.600 151.78 209.83 -113.28
8.610 151.66 209.56 -113.45
8.620 151.54 209.28 -113.62
8.630 151.42 209.01 -113.79
8.640 151.29 208.73 -113.96
8.650 151.17 208.46 -114.13
8.660 151.05 208.18 -114.31
8.670 150.92 207.91 -114.48
8.680 150.80 207.63 -114.65
8.690 150.67 207.36 -114.82
8.700 150.54 207.09 -114.99
8.710 150.41 206.82 -115.16
8.720 150.29 206.54 -115.33
8.730 150.16 206.27 -115.51
8.740 150.03 206.00 -115.68
8.750 149.89 205.73 -115.85
8.760 149.76 205.46 -116.02
8.770 149.63 205.19 -116.19
8.780 149.50 204.92 -116.36
8.790 149.36 204.65 -116.53
8.800 149.23 204.38 -116.71
8.810 149.09 204.11 -116.88
8.820 148.95 203.85 -117.05
8.830 148.82 203.58 -117.22
8.840 148.68 203.31 -117.39
8.850 148.54 203.04 -117.56
8.860 148.40 202.78 -117.73
8.870 148.26 202.51 -117.90
8.880 148.12 202.25 -118.08
8.890 147.97 201.98 -118.25
8.900 147.83 201.72 -118.42
8.910 147.69 201.45 -118.59
8.920 147.54 201.19 -118.76
8.930 147.40 200.93 -118.93
8.940 147.25 200.66 -119.10
8.950 147.10 200.40 -119.28
8.960 146.95 200.14 -119.45
8.970 146.81 199.88 -119.62
8.980 146.66 199.62 -119.79
8.990 146.51 199.35 -119.96
9.000 146.35 199.09 -120.13
9.010 146.20 198.83 -120.30
9.020 146.05 198.58 -120.47
9.030 145.90 198.32 -120.65
9.040 145.74 198.06 -120.82
9.050 145.59 197.80 -120.99
9.060 145.43 197.54 -121.16
9.070 145.28 197.29 -121.33
9.080 145.12 197.03 -121.50
9.090 144.96 196.77 -121.67
9.100 144.80 196.52 -121.85
9.110 144.64 196.26 -122.02
9.120 144.48 196.01 -122.19
9.130 144.32 195.75 -122.36
9.140 144.16 195.50 -122.53
9.150 144.00 195.25 -122.70
9.160 143.83 194.99 -122.87
9.170 143.67 194.74 -123.04
9.180 143.50 194.49 -123.22
9.190 143.34 194.24 -123.39
9.200 143.17 193.99 -123.56
9.210 143.00 193.74 -123.73
9.220 142.84 193.49 -123.90
9.230 142.67 193.24 -124.07
9.240 142.50 192.99 -124.24
9.250 142.33 192.74 -124.42
9.260 142.16 192.49 -124.59
9.270 141.99 192.25 -124.76
9.280 141.81 192.00 -124.93
9.290 141.64 191.75 -125.10
9.300 141.47 191.51 -125.27
9.310 141.29 191.26 -125.44
9.320 141.12 191.02 -125.61
9.330 140.94 190.77 -125.79
9.340 140.76 190.53 -125.96
9.350 140.59 190.29 -126.13
9.360 140.41 190.04 -126.30
9.370 140.23 189.80 -126.47
9.380 140.05 189.56 -126.64
9.390 139.87 189.32 -126.81
9.400 139.69 189.08 -126.99
9.410 139.51 188.84 -127.16
9.420 139.32 188.60 -127.33
9.430 139.14 188.36 -127.50
9.440 138.96 188.12 -127.67
9.450 138.77 187.88 -127.84
9.460 138.59 187.65 -128.01
9.470 138.40 187.41 -128.18
9.480 138.21 187.17 -128.36
9.490 138.03 186.94 -128.53
9.500 137.84 186.70 -128.70
9.510 137.65 186.47 -128.87
9.520 137.46 186.24 -129.04
9.530 137.27 186.00 -129.21
9.540 137.08 185.77 -129.38
9.550 136.89 185.54 -129.56
9.560 136.69 185.31 -129.73
9.570 136.50 185.08 -129.90
9.580 136.31 184.85 -130.07
9.590 136.11 184.62 -130.24
9.600 135.92 184.39 -130.41
9.610 135.72 184.16 -130.58
9.620 135.53 183.93 -130.75
9.630 135.33 183.70 -130.93
9.640 135.13 183.48 -131.10
9.650 134.93 183.25 -131.27
9.660 134.73 183.02 -131.44
9.670 134.53 182.80 -131.61
9.680 134.33 182.57 -131.78
9.690 134.13 182.35 -131.95
9.700 133.93 182.13 -132.12
9.710 133.73 181.90 -132.30
9.720 133.52 181.68 -132.47
9.730 133.32 181.46 -132.64
9.740 133.12 181.24 -132.81
9.750 132.91 181.02 -132.98
9.760 132.70 180.80 -133.15
9.770 132.50 180.58 -133.32
9.780 132.29 180.36 -133.49
9.790 132.08 180.14 -133.67
9.800 131.87 179.93 -133.84
9.810 131.66 179.71 -134.01
9.820 131.45 179.49 -134.18
9.830 131.24 179.28 -134.35
9.840 131.03 179.06 -134.52
9.850 130.82 178.85 -134.69
9.860 130.61 178.64 -134.87
9.870 130.40 178.42 -135.04
9.880 130.18 178.21 -135.21
9.890 129.97 178.00 -135.38
9.900 129.75 177.79 -135.55
9.910 129.54 177.58 -135.72
9.920 129.32 177.37 -135.89
9.930 129.10 177.16 -136.06
9.940 128.89 176.95 -136.24
9.950 128.67 176.75 -136.41
9.960 128.45 176.54 -136.58
9.970 128.23 176.33 -136.75
9.980 128.01 176.13 -136.92
9.990 127.79 175.92 -137.09
10.000 127.57 175.72 -137.26
